10983,
10981,
10975,
10974,
10968,
10967,
10961,
10951,
10942,
10940,
10938,
10936,
10933,
10920,
10916,
10914,
10910,
10908,
10902,
10895,
10889,
10885,
10883,
10878,
10875,
10873,
10870,
10868,
10860,
10849,
10845,
10843,
10840,
10831,
10829,
10828,
10826,
10824,
10819,
10814,
10807,
10795,
10781,
10775,
10774,
10773,
10772,
10771,
10766,
10765,
10762,
10756,
10753,
10750,
10746,
10738,
10736,
10723,
10710,
10707,
10698,
10691,
10677,
10672,
10669,
10668,
10666,
10665,
10657,
10652,
10651,
10645,
10643,
10637,
10635,
10626,
10625,
10615,
10611,
10600,
10595,
10591,
10567,
10566,
10563,
10560,
10556,
10549,
10548,
10546,
10543,
10537,
10533,
10526,
10522,
10520,
10517,
10515,
10514,
10953,